Iter   F-count   NumSolutions  Spread       Volume 
   0        16         5          -         1.0794e+00
   1        62         6       9.3300e-01   1.0439e+00
   2       148         9       1.8377e-01   1.0439e+00
   3       241        12       4.8147e-01   1.0443e+00
   4       359        14       4.2170e-01   1.0443e+00
   5       428        17       4.4032e-01   1.0443e+00
   6       512        20       4.9062e-01   1.0462e+00
   7       581        20       5.2402e-01   1.0462e+00
   8       668        20       5.2406e-01   1.0463e+00
   9       753        20       5.3990e-01   1.0462e+00

Pareto set found that satisfies the constraints. 

Optimization completed because the relative change in the spread of the Pareto set 
is less than 'options.ParetoSetChangeTolerance' and constraints are satisfied to within 
'options.ConstraintTolerance'.


Optimization Completed in 742.18 s.

 [MAX_DM, MAX_LCI, Min_Errorxz]: 
 ------------------------------------
   -0.1837   -0.1158    0.0004
   -0.1810   -0.1158    0.0041
   -0.2163   -0.1092    0.0004
   -0.1909   -0.1131    0.0014
   -0.2144   -0.1092    0.0004
   -0.1810   -0.1158    0.0041
   -0.1809   -0.1158    0.0041
   -0.1839   -0.1158    0.0005
   -0.1807   -0.1158    0.0041
   -0.1908   -0.1131    0.0014
   -0.1824   -0.1158    0.0005
   -0.2143   -0.1092    0.0004
   -0.2143   -0.1092    0.0004
   -0.1908   -0.1131    0.0014
   -0.1810   -0.1158    0.0041
   -0.1809   -0.1158    0.0041
   -0.1907   -0.1131    0.0014
   -0.1908   -0.1131    0.0014
   -0.1811   -0.1158    0.0041
   -0.1839   -0.1158    0.0004


            [L1, L2, R1, R2] (m) 
   --------------------------------------
    0.4792    0.5208    0.0100    0.0100
    0.5104    0.4896    0.0100    0.0100
    0.6667    0.3333    0.0100    0.0100
    0.6042    0.3958    0.0100    0.0100
    0.6667    0.3333    0.0100    0.0100
    0.5104    0.4896    0.0100    0.0100
    0.5104    0.4896    0.0100    0.0100
    0.4792    0.5208    0.0100    0.0100
    0.5104    0.4896    0.0100    0.0100
    0.6042    0.3958    0.0100    0.0100
    0.4792    0.5208    0.0100    0.0100
    0.6667    0.3333    0.0100    0.0100
    0.6667    0.3333    0.0100    0.0100
    0.6042    0.3958    0.0100    0.0100
    0.5104    0.4896    0.0100    0.0100
    0.5104    0.4896    0.0100    0.0100
    0.6042    0.3958    0.0100    0.0100
    0.6042    0.3958    0.0100    0.0100
    0.5104    0.4896    0.0100    0.0100
    0.4792    0.5208    0.0100    0.0100

>> 