Iter   F-count   NumSolutions  Spread       Volume 
   0        16         7          -         2.3253e+00
   1        73        10       4.5885e-01   2.6840e+00
   2       183        16       3.8482e-01   2.6959e+00
   3       243        19       4.8240e-01   2.6964e+00
   4       322        20       5.9584e-01   2.7105e+00
   5       389        20       4.9302e-01   2.6983e+00
   6       447        20       4.3044e-01   2.6965e+00
   7       531        20       5.9027e-01   2.6976e+00
   8       604        20       4.0683e-01   2.6974e+00
   9       677        20       5.2498e-01   2.6971e+00

Pareto set found that satisfies the constraints. 

Optimization completed because the relative change in the volume of the Pareto set 
is less than 'options.ParetoSetChangeTolerance' and constraints are satisfied to within 
'options.ConstraintTolerance'.


Optimization Completed in 764.14 s.

 [MAX_DM, MAX_LCI, Min_Errorxz]: 
 ------------------------------------
   -0.6123   -0.0289    0.9965
   -0.5188   -0.0471    0.8826
   -0.1908   -0.1131    0.0014
   -0.3154   -0.0585    0.8198
   -0.3823   -0.0586    0.8211
   -0.3704   -0.0586    0.8218
   -0.1812   -0.1158    0.0041
   -0.1824   -0.1158    0.0005
   -0.3792   -0.0586    0.8221
   -0.6021   -0.0289    0.9951
   -0.2158   -0.1092    0.0004
   -0.5304   -0.0470    0.8835
   -0.1834   -0.1158    0.0005
   -0.1810   -0.1158    0.0041
   -0.3144   -0.0586    0.8203
   -0.1809   -0.1158    0.0041
   -0.3132   -0.0586    0.8156
   -0.2144   -0.1092    0.0004
   -0.1908   -0.1131    0.0014
   -0.2056   -0.1104    0.0006


            [L1, L2, R1, R2] (m) 
   --------------------------------------
    0.1667    0.8333    0.0100    0.0100
    0.2292    0.7708    0.0100    0.0100
    0.6042    0.3958    0.0100    0.0100
    0.2604    0.7396    0.0500    0.0100
    0.2604    0.7396    0.0100    0.0100
    0.2604    0.7396    0.0100    0.0100
    0.5104    0.4896    0.0100    0.0100
    0.4792    0.5208    0.0100    0.0100
    0.2604    0.7396    0.0100    0.0100
    0.1667    0.8333    0.0100    0.0100
    0.6667    0.3333    0.0100    0.0100
    0.2292    0.7708    0.0100    0.0100
    0.4792    0.5208    0.0100    0.0100
    0.5104    0.4896    0.0100    0.0100
    0.2604    0.7396    0.0500    0.0100
    0.5104    0.4896    0.0100    0.0100
    0.2604    0.7396    0.0500    0.0100
    0.6667    0.3333    0.0100    0.0100
    0.6042    0.3958    0.0100    0.0100
    0.6510    0.3490    0.0100    0.0100

>> 