Multi-objective optimization:
4 Variables
1 Linear equality constraints

Options:
CreationFcn:       @gacreationlinearfeasible
CrossoverFcn:      @crossoverintermediate
SelectionFcn:      @selectiontournament
MutationFcn:       @mutationadaptfeasible

                              Average            Average
Generation   Func-count    Pareto distance    Pareto spread
    1            60                 1                 1
    2           120        0.00407956          0.529122
    3           180        0.00192013          0.538454
    4           240        0.00163715          0.627179
    5           300        0.00123538          0.310162
    6           360       0.000941933          0.158064
    7           420       0.000927975          0.208155
    8           480       0.000386276          0.302847
    9           540       0.000572983          0.204866
   10           600       0.000378396         0.0622222
   11           660       0.000783623          0.366742
   12           720        0.00075803          0.112533
   13           780       0.000659876          0.108861
   14           840       0.000715112          0.121751
   15           900       0.000444591         0.0790869
   16           960       0.000600215          0.138437
   17          1020       0.000546634          0.442095
   18          1080       0.000567696         0.0891197
   19          1140       0.000540552         0.0879013
   20          1200       0.000860923          0.120679
   21          1260       0.000458845         0.0744749
   22          1320       0.000529473         0.0821195
   23          1380       0.000624682          0.141284
   24          1440       0.000503633         0.0784069
   25          1500         0.0005807           0.08914
   26          1560       0.000397409          0.061823
   27          1620       0.000788433          0.117334
   28          1680        0.00085961           0.11659
   29          1740       0.000382856         0.0656222
   30          1800       0.000616789          0.094256

                              Average            Average
Generation   Func-count    Pareto distance    Pareto spread
   31          1860       0.000580174         0.0875494
   32          1920       0.000578952         0.0931841
   33          1980       0.000804342           0.20188
   34          2040       0.000613509          0.091538
   35          2100       0.000376811         0.0654464
   36          2160       0.000709524          0.106213
   37          2220       0.000284304          0.049778
   38          2280          0.000592         0.0864195
   39          2340       0.000439761         0.0753912
   40          2400       0.000752442          0.114072
   41          2460       0.000788804          0.128405
   42          2520       0.000678635          0.105412
   43          2580       0.000538997         0.0887124
   44          2640       0.000854775          0.131719
   45          2700       0.000370399         0.0638214
   46          2760       0.000670334          0.108076
   47          2820       0.000492873         0.0834023
   48          2880       0.000535428         0.0805411
   49          2940       0.000535734         0.0820922
   50          3000       0.000513433         0.0857614
gamultiobj stopped because it exceeded options.MaxGenerations.

Optimization Completed in 4107.74 s.

 [MAX_DM, MAX_LCI, Min_Errorxz]: 
 ------------------------------------
   -0.1873   -0.2621    0.0004
   -0.2035   -0.2607    0.0011
   -0.1758   -0.2614    0.0000
   -0.1964   -0.2614    0.0008
   -0.1922   -0.2617    0.0006
   -0.1884   -0.2620    0.0004
   -0.1982   -0.2613    0.0009
   -0.2029   -0.2607    0.0010
   -0.1776   -0.2616    0.0001
   -0.1945   -0.2615    0.0007
   -0.2007   -0.2608    0.0010
   -0.2035   -0.2607    0.0011
   -0.1908   -0.2619    0.0006
   -0.2030   -0.2607    0.0011
   -0.2006   -0.2608    0.0010
   -0.1758   -0.2614    0.0000
   -0.1854   -0.2620    0.0004
   -0.1970   -0.2613    0.0009
   -0.1840   -0.2619    0.0004
   -0.1931   -0.2615    0.0007
   -0.1789   -0.2616    0.0001


            [L1, L2, R1, R2] (m) 
   --------------------------------------
    0.6346    0.3654    0.0102    0.0101
    0.6666    0.3334    0.0100    0.0101
    0.6049    0.3951    0.0163    0.0106
    0.6545    0.3455    0.0105    0.0102
    0.6452    0.3548    0.0103    0.0103
    0.6351    0.3649    0.0102    0.0101
    0.6589    0.3411    0.0107    0.0102
    0.6658    0.3342    0.0102    0.0101
    0.6092    0.3908    0.0117    0.0102
    0.6518    0.3482    0.0104    0.0102
    0.6651    0.3349    0.0102    0.0101
    0.6666    0.3334    0.0100    0.0101
    0.6412    0.3588    0.0107    0.0103
    0.6667    0.3333    0.0100    0.0101
    0.6641    0.3359    0.0102    0.0103
    0.6049    0.3951    0.0163    0.0106
    0.6316    0.3684    0.0111    0.0103
    0.6583    0.3417    0.0104    0.0101
    0.6281    0.3719    0.0139    0.0104
    0.6511    0.3489    0.0107    0.0102
    0.6127    0.3873    0.0163    0.0106

>> 