Multi-objective optimization:
4 Variables
1 Linear equality constraints

Options:
CreationFcn:       @gacreationlinearfeasible
CrossoverFcn:      @crossoverintermediate
SelectionFcn:      @selectiontournament
MutationFcn:       @mutationadaptfeasible

                              Average            Average
Generation   Func-count    Pareto distance    Pareto spread
    1            60                 1                 1
    2           120          0.200612           0.57833
    3           180          0.152934          0.463489
    4           240          0.110375          0.342742
    5           300          0.126413          0.411066
    6           360          0.122812          0.412756
    7           420          0.108605          0.376477
    8           480         0.0921158          0.312883
    9           540         0.0997339          0.350834
   10           600          0.100332          0.361421
   11           660         0.0659397          0.263248
   12           720         0.0629155          0.218076
   13           780         0.0713025          0.253971
   14           840         0.0721459          0.263424
   15           900         0.0724707          0.268434
   16           960         0.0644457          0.226869
   17          1020          0.069119          0.276499
   18          1080         0.0695482          0.263825
   19          1140         0.0612109          0.229892
   20          1200          0.063074          0.243473
   21          1260         0.0617076          0.222843
   22          1320         0.0634441          0.233308
   23          1380         0.0696722          0.249751
   24          1440         0.0731424          0.293283
   25          1500         0.0638811          0.249447
   26          1560          0.055759          0.206747
   27          1620         0.0618689          0.240843
   28          1680         0.0600208          0.204299
   29          1740          0.061346          0.240423
   30          1800         0.0603555          0.204201

                              Average            Average
Generation   Func-count    Pareto distance    Pareto spread
   31          1860         0.0638803          0.238922
   32          1920         0.0703229          0.267575
   33          1980         0.0624477          0.245631
   34          2040         0.0616796          0.222782
   35          2100         0.0580443          0.202407
   36          2160         0.0552432          0.175211
   37          2220         0.0584785          0.214598
   38          2280          0.058001          0.224005
   39          2340         0.0590094          0.219901
   40          2400         0.0491031          0.183763
   41          2460         0.0514726          0.178325
   43          2580         0.0574895          0.199656
   44          2640          0.058755          0.212305
   45          2700         0.0609387           0.21876
   46          2760          0.048352          0.175342
   47          2820         0.0727408           0.24079
   48          2880         0.0731254           0.24267
   49          2940         0.0748058          0.263447
   50          3000         0.0705878          0.275073
gamultiobj stopped because it exceeded options.MaxGenerations.

Optimization Completed in 10328.46 s.

 [MAX_DM, MAX_LCI, Min_Errorxz]: 
 ------------------------------------
   -0.1722   -0.2614    0.0000
   -0.1983   -0.1376    0.3915
   -0.6127   -0.0289    0.9456
   -0.2187   -0.0630    0.5913
   -0.5923   -0.0289    0.9489
   -0.2027   -0.1079    0.4654
   -0.1834   -0.2610    0.0014
   -0.5752   -0.0289    0.9439
   -0.1800   -0.2622    0.0007
   -0.2101   -0.0812    0.5378
   -0.1973   -0.2608    0.0012
   -0.3917   -0.0544    0.8455
   -0.3195   -0.0607    0.6968
   -0.2061   -0.0930    0.5061
   -0.3782   -0.0550    0.7934
   -0.4776   -0.0423    0.9093
   -0.5648   -0.0312    0.9346
   -0.2713   -0.0622    0.6120
   -0.5161   -0.0330    0.9245
   -0.4341   -0.0531    0.8640
   -0.1637   -0.2616    0.0000


            [L1, L2, R1, R2] (m) 
   --------------------------------------
    0.6039    0.3961    0.0186    0.0112
    0.2966    0.7034    0.0190    0.0148
    0.1667    0.8333    0.0213    0.0161
    0.2695    0.7305    0.0210    0.0160
    0.1667    0.8333    0.0191    0.0161
    0.2851    0.7149    0.0209    0.0158
    0.6619    0.3381    0.0475    0.0103
    0.1667    0.8333    0.0195    0.0204
    0.6382    0.3623    0.0295    0.0129
    0.2756    0.7244    0.0210    0.0159
    0.6664    0.3336    0.0189    0.0114
    0.2496    0.7504    0.0202    0.0154
    0.2655    0.7345    0.0208    0.0160
    0.2797    0.7203    0.0201    0.0151
    0.2514    0.7486    0.0262    0.0152
    0.2145    0.7855    0.0198    0.0161
    0.1756    0.8244    0.0218    0.0160
    0.2692    0.7308    0.0209    0.0167
    0.1824    0.8176    0.0218    0.0237
    0.2461    0.7539    0.0209    0.0154
    0.5995    0.4014    0.0439    0.0150

